{
    "English": {
        "test_loss": 0.21470797061920166,
        "test_accuracy": 0.934,
        "test_precision": 0.919517,
        "test_recall": 0.94617,
        "test_f1": 0.932653,
        "test_runtime": 16.1026,
        "test_samples_per_second": 62.102,
        "test_steps_per_second": 7.763
    },
    "French": {
        "test_loss": 0.28610485792160034,
        "test_accuracy": 0.902,
        "test_precision": 0.891348,
        "test_recall": 0.909651,
        "test_f1": 0.900407,
        "test_runtime": 16.0446,
        "test_samples_per_second": 62.326,
        "test_steps_per_second": 7.791
    }
}